-4.847938418388366699e-01
3.666844069957733154e-01
1.606121897697448730e+00
-1.091822266578674316e+00
1.254400968551635742e+00
-4.232231378555297852e-01
-5.654456615447998047e-01
1.030912399291992188e-01
1.181668519973754883e+00
-1.260932564735412598e+00
-7.190385833382606506e-03
7.156630158424377441e-01
1.128340482711791992e+00
-1.399686813354492188e+00
6.227627992630004883e-01
-4.731104075908660889e-01
-1.421911120414733887e+00
-6.678176522254943848e-01
-1.374360561370849609e+00
2.149459719657897949e-01
1.118373870849609375e+00
-1.325324892997741699e+00
1.389071464538574219e+00
9.314534664154052734e-01
1.141633033752441406e+00
3.732466101646423340e-01
1.662891358137130737e-01
6.681488752365112305e-01
9.001975506544113159e-02
-5.763322710990905762e-01
1.158651471138000488e+00
8.847033381462097168e-01
-1.048949360847473145e+00
-1.563473343849182129e+00
1.256140232086181641e+00
9.787533283233642578e-01
-5.242398381233215332e-01
-1.514861702919006348e+00
-3.530890047550201416e-01
-6.435981392860412598e-01
-2.904625795781612396e-02
-1.287310123443603516e+00
-5.101505517959594727e-01
4.833035469055175781e-01
5.962124466896057129e-01
-7.610452920198440552e-02
8.021820187568664551e-01
-7.288086414337158203e-01
3.884010016918182373e-01
6.313823461532592773e-01
-6.337010860443115234e-01
-6.963163018226623535e-01
-2.574164569377899170e-01
-6.799253821372985840e-01
5.080348849296569824e-01
-1.242410063743591309e+00
1.555652499198913574e+00
-4.712643325328826904e-01
6.864455938339233398e-01
-4.824508726596832275e-01
-5.158889889717102051e-01
-6.151430606842041016e-01
-1.378530621528625488e+00
-5.747461915016174316e-01
1.451045036315917969e+00
-1.401822566986083984e+00
-2.665123045444488525e-01
3.420461714267730713e-01
7.440157979726791382e-02
-1.236687421798706055e+00
-6.505901813507080078e-01
5.848861932754516602e-01
-5.985698103904724121e-01
7.479545474052429199e-01
5.828865170478820801e-01
-7.675617933273315430e-01
9.341464042663574219e-01
7.673289775848388672e-01
-6.923296451568603516e-01
4.132577478885650635e-01
2.818255126476287842e-01
1.453602552413940430e+00
5.683995485305786133e-01
4.296174645423889160e-01
-1.578253954648971558e-01
6.335492134094238281e-01
-1.374140024185180664e+00
1.389110445976257324e+00
-1.209103912115097046e-01
3.289270997047424316e-01
-4.797758162021636963e-01
6.843993067741394043e-01
3.680015802383422852e-01
-6.182568669319152832e-01
-1.117304801940917969e+00
-5.477039217948913574e-01
-4.545932114124298096e-01
-7.195429205894470215e-01
-6.581481099128723145e-01
8.487610220909118652e-01
8.600842356681823730e-01
1.219534575939178467e-01
-8.338251709938049316e-01
1.661434412002563477e+00
-3.467222452163696289e-01
-1.584290385246276855e+00
-4.551677405834197998e-01
-1.275607109069824219e+00
-1.468724608421325684e+00
1.215820074081420898e+00
1.222832441329956055e+00
1.071456432342529297e+00
1.185944899916648865e-01
7.912923693656921387e-01
-5.373027920722961426e-01
3.689002394676208496e-01
-6.682872176170349121e-01
1.392023205757141113e+00
-3.437373936176300049e-01
1.432377845048904419e-01
-1.508882284164428711e+00
-9.423352479934692383e-01
6.071776747703552246e-01
-1.523150682449340820e+00
-5.857800245285034180e-01
-4.505344927310943604e-01
5.228318572044372559e-01
-4.300288856029510498e-01
5.020447373390197754e-01
-7.145766615867614746e-01
-9.204059243202209473e-01
-7.351761311292648315e-02
-9.097067117691040039e-01
1.448367357254028320e+00
5.445726513862609863e-01
-9.009728431701660156e-01
-7.795882970094680786e-02
8.595659732818603516e-01
1.807822138071060181e-01
1.427324652671813965e+00
1.400871723890304565e-01
-1.475003212690353394e-01
-3.211014568805694580e-01
1.355614185333251953e+00
9.835606813430786133e-01
1.217007160186767578e+00
3.794303238391876221e-01
6.582010388374328613e-01
-4.009390771389007568e-01
1.484304189682006836e+00
1.151619076728820801e+00
-1.398253440856933594e+00
-1.269510984420776367e+00
6.251269578933715820e-01
1.562438011169433594e+00
-2.150873392820358276e-01
-6.439999938011169434e-01
4.479799270629882812e-01
-7.936719059944152832e-01
2.362550050020217896e-01
-4.947784245014190674e-01
-5.745145082473754883e-01
-1.569253563880920410e+00
-1.170274615287780762e-01
-1.335940599441528320e+00
-6.289717555046081543e-01
-3.455010056495666504e-01
-5.876643061637878418e-01
-5.337074398994445801e-01
-1.252857446670532227e+00
1.348168969154357910e+00
-9.971217513084411621e-01
-1.503108739852905273e+00
4.465223550796508789e-01
-7.201774120330810547e-01
-4.367260634899139404e-01
1.443699002265930176e+00
-4.398620128631591797e-02
-7.362130284309387207e-01
4.866214096546173096e-01
-6.987513601779937744e-02
-1.097502708435058594e+00
-1.792028546333312988e-01
-9.967822581529617310e-02
-1.480912208557128906e+00
1.111703395843505859e+00
-1.487426280975341797e+00
1.641879677772521973e+00
-5.125904083251953125e-01
1.547048807144165039e+00
-1.448242664337158203e+00
-8.683091998100280762e-01
3.692010641098022461e-01
-1.158651351928710938e+00
3.897027373313903809e-01
8.944622874259948730e-01
-5.066489577293395996e-01
-9.729233384132385254e-01
-1.395426034927368164e+00
-1.147417187690734863e+00
1.575230836868286133e+00
-1.481189608573913574e+00
-1.522374868392944336e+00
6.747379899024963379e-01
1.255314350128173828e+00
-1.538829445838928223e+00
6.057124137878417969e-01
-8.309996128082275391e-01
5.256257057189941406e-01
-2.943060696125030518e-01
1.650134682655334473e+00
-3.518019616603851318e-01
1.206319928169250488e+00
-1.048581361770629883e+00
1.673818826675415039e-01
3.442541360855102539e-01
-1.279815793037414551e+00
3.946296274662017822e-01
-8.304235339164733887e-01
-6.685706973075866699e-01
-7.978551983833312988e-01
-1.070998311042785645e+00
-1.255928397178649902e+00
3.543608784675598145e-01
8.923203945159912109e-01
4.049905538558959961e-01
1.055201053619384766e+00
3.693330883979797363e-01
9.208461046218872070e-01
-5.642368644475936890e-02
7.632245421409606934e-01
4.690942168235778809e-01
4.429039359092712402e-01
1.519114971160888672e+00
1.722437143325805664e-01
3.373701870441436768e-01
5.548052787780761719e-01
5.280241370201110840e-01
5.011417865753173828e-01
-2.912464439868927002e-01
8.051977157592773438e-01
-4.273350834846496582e-01
6.648597121238708496e-01
-7.626896500587463379e-01
-4.130497276782989502e-01
4.830124676227569580e-01
1.136852860450744629e+00
-1.030693173408508301e+00
1.342794418334960938e+00
-1.184807896614074707e+00
-1.525124311447143555e+00
-1.053679108619689941e+00
-5.007354617118835449e-01
-7.069299221038818359e-01
-6.952317953109741211e-01
5.644318461418151855e-01
-6.426265239715576172e-01
5.098800659179687500e-01
3.257173597812652588e-01
-1.061864972114562988e+00
-6.231506466865539551e-01
5.721306800842285156e-01
-1.532117009162902832e+00
-3.267196416854858398e-01
-1.640759110450744629e+00
-9.137626290321350098e-01
5.135787725448608398e-01
-8.372843265533447266e-01
-4.327900409698486328e-01
3.772646486759185791e-01
-1.524704337120056152e+00
-1.018361687660217285e+00
-9.852923750877380371e-01
-1.451359748840332031e+00
-4.107394516468048096e-01
2.956181168556213379e-01
3.876460492610931396e-01
-6.301233172416687012e-01
4.813739359378814697e-01
2.685284316539764404e-01
-1.147572040557861328e+00
-6.678055524826049805e-01
1.324852824211120605e+00
-2.723112404346466064e-01
-2.891495525836944580e-01
1.390181064605712891e+00
-7.061972618103027344e-01
6.507318615913391113e-01
9.378252178430557251e-02
-1.416253685951232910e+00
1.390056133270263672e+00
-6.227540969848632812e-01
2.197582423686981201e-01
-1.269831299781799316e+00
-5.948286056518554688e-01
-2.974927425384521484e-01
-1.268896460533142090e-01
6.652170419692993164e-01
-7.482076883316040039e-01
1.255730509757995605e+00
-3.406897187232971191e-01
-1.317716240882873535e+00
-6.677893996238708496e-01
-4.634549617767333984e-01
2.604005336761474609e-01
1.401899456977844238e+00
1.671120166778564453e+00
1.416459441184997559e+00
1.337935328483581543e+00
-4.287571907043457031e-01
-1.034762263298034668e+00
1.166401267051696777e+00
3.049943447113037109e-01
5.679030418395996094e-01
7.072215676307678223e-01
6.141400337219238281e-01
4.760147333145141602e-01
8.766089081764221191e-01
-1.293960809707641602e+00
6.092885732650756836e-01
9.973957538604736328e-01
2.380113005638122559e-01
1.296033024787902832e+00
5.706682801246643066e-01
4.070319235324859619e-02
3.532095253467559814e-01
1.057245254516601562e+00
-1.861237883567810059e-01
-2.365512549877166748e-01
2.537019550800323486e-01
2.897891998291015625e-01
-7.578006386756896973e-01
3.790140748023986816e-01
-8.391195535659790039e-01
5.419748425483703613e-01
-5.790189504623413086e-01
9.781628847122192383e-01
8.494748473167419434e-01
2.324851006269454956e-01
1.143172502517700195e+00
-5.675980448722839355e-01
5.734612345695495605e-01
2.969562709331512451e-01
5.763863325119018555e-01
9.558350443840026855e-01
-1.815011203289031982e-01
-1.164723932743072510e-01
8.707575201988220215e-01
-1.093474507331848145e+00
1.161811828613281250e+00
9.403383731842041016e-01
-7.123831510543823242e-01
-5.213706493377685547e-01
-3.619807362556457520e-01
6.157933473587036133e-01
-1.597584962844848633e+00
-9.603617787361145020e-01
1.107733368873596191e+00
2.923853397369384766e-01
1.396985769271850586e+00
4.131940007209777832e-01
-1.153272151947021484e+00
1.294976711273193359e+00
5.930333584547042847e-02
5.257089138031005859e-01
-1.143281221389770508e+00
5.197951197624206543e-01
1.498830318450927734e+00
2.433116137981414795e-01
-1.373710751533508301e+00
-2.301044166088104248e-01
-6.976900100708007812e-01
2.860063500702381134e-02
1.002880215644836426e+00
4.726102650165557861e-01
4.202516078948974609e-01
-6.006039381027221680e-01
-8.319904804229736328e-01
4.967651069164276123e-01
-5.710594654083251953e-01
1.477159976959228516e+00
-1.432611227035522461e+00
1.040992856025695801e+00
5.278257727622985840e-01
1.461161613464355469e+00
-7.474553585052490234e-01
7.856894135475158691e-01
5.651804804801940918e-01
3.896955847740173340e-01
5.979202985763549805e-01
1.083653688430786133e+00
-4.540060460567474365e-01
-2.586131729185581207e-02
5.154877901077270508e-01
9.412312507629394531e-01
8.916844427585601807e-02
-5.480913519859313965e-01
-5.428422689437866211e-01
-1.250526189804077148e+00
1.632701396942138672e+00
2.193345278501510620e-01
5.262489914894104004e-01
1.195001602172851562e+00
-4.092749357223510742e-01
4.260849058628082275e-01
4.815932512283325195e-01
1.621617436408996582e+00
1.527220964431762695e+00
7.473556995391845703e-01
5.610255599021911621e-01
1.096273779869079590e+00
5.054874420166015625e-01
-1.388894915580749512e+00
3.847861886024475098e-01
-1.091229677200317383e+00
4.175540804862976074e-01
-8.518053293228149414e-01
-1.450096964836120605e+00
1.335829615592956543e+00
-6.073065400123596191e-01
9.101789593696594238e-01
6.424273848533630371e-01
1.037822723388671875e+00
-5.521862506866455078e-01
4.287774562835693359e-01
9.771202206611633301e-01
-3.422587811946868896e-01
-1.609410405158996582e+00
-1.065791368484497070e+00
1.305420845746994019e-01
1.242873445153236389e-01
-3.370836079120635986e-01
-5.097692012786865234e-01
-4.013737142086029053e-01
-1.167577266693115234e+00
-1.152280449867248535e+00
5.715955495834350586e-01
1.070337891578674316e+00
-1.518856763839721680e+00
1.194562792778015137e+00
-1.345383286476135254e+00
-3.066911995410919189e-01
3.272818028926849365e-01
-4.034184515476226807e-01
-4.566648006439208984e-01
6.604974865913391113e-01
1.334564208984375000e+00
-5.056116580963134766e-01
-1.421961903572082520e+00
-6.052488088607788086e-01
1.373332738876342773e+00
-1.116068363189697266e+00
3.586353659629821777e-01
-9.119521081447601318e-02
1.854023896157741547e-02
-1.647557377815246582e+00
4.482373297214508057e-01
1.145829796791076660e+00
5.563570261001586914e-01
6.167535781860351562e-01
-4.812395572662353516e-01
8.746161460876464844e-01
1.206204891204833984e-01
7.898473739624023438e-01
-5.168553590774536133e-01
3.931171298027038574e-01
-1.681836992502212524e-01
-3.161812424659729004e-01
8.037737607955932617e-01
4.951872527599334717e-01
-5.907684564590454102e-01
-7.561619877815246582e-01
1.989436447620391846e-01
1.042218923568725586e+00
-4.703180789947509766e-01
-1.405952095985412598e+00
7.590407729148864746e-01
1.382756352424621582e+00
6.611323952674865723e-01
-7.754462957382202148e-01
4.222661256790161133e-01
5.211851000785827637e-01
-1.270453810691833496e+00
6.515972614288330078e-01
-3.879590332508087158e-02
6.144060492515563965e-01
-1.203833103179931641e+00
7.343915104866027832e-01
1.440178751945495605e+00
2.679368257522583008e-01
-1.330547451972961426e+00
-4.810347259044647217e-01
-1.199207156896591187e-01
-1.258858680725097656e+00
6.174710988998413086e-01
1.567167758941650391e+00
8.996032923460006714e-02
-8.882489800453186035e-02
1.252200901508331299e-01
-3.200863897800445557e-01
1.122872233390808105e+00
-9.277570247650146484e-01
6.341829299926757812e-01
1.366693735122680664e+00
-1.231276243925094604e-02
5.657747983932495117e-01
1.447352170944213867e+00
7.626809477806091309e-01
-4.753693640232086182e-01
-1.324921250343322754e+00
-1.454461693763732910e+00
-9.646577239036560059e-01
-7.051814794540405273e-01
5.170042514801025391e-01
-7.971491813659667969e-01
1.135894894599914551e+00
8.201825022697448730e-01
1.327245593070983887e+00
7.004159688949584961e-01
-8.205127716064453125e-01
4.038892686367034912e-01
-3.531607687473297119e-01
-7.378580421209335327e-02
9.984752535820007324e-01
-2.517672479152679443e-01
1.405879616737365723e+00
1.838301569223403931e-01
6.339095830917358398e-01
8.980609774589538574e-01
4.255331754684448242e-01
2.823756039142608643e-01
4.706316590309143066e-01
-6.615507602691650391e-01
-1.237442016601562500e+00
1.281574845314025879e+00
1.443697929382324219e+00
1.520375490188598633e+00
-8.288776874542236328e-01
6.057584881782531738e-01
1.340201258659362793e+00
1.072085738182067871e+00
8.638106584548950195e-01
-3.480539619922637939e-01
1.197474122047424316e+00
5.495656728744506836e-01
1.538836598396301270e+00
6.118960380554199219e-01
7.968297600746154785e-01
4.559284448623657227e-01
-3.699727952480316162e-01
-1.597061038017272949e+00
-3.534587323665618896e-01
7.857925295829772949e-01
-4.162095487117767334e-01
-1.702105760574340820e+00
4.458431005477905273e-01
1.036599755287170410e+00
1.325071573257446289e+00
1.439584493637084961e+00
-1.158590316772460938e+00
7.095843553543090820e-01
-8.623760342597961426e-01
3.686372339725494385e-01
1.138335347175598145e+00
-1.087586522102355957e+00
-4.750080406665802002e-01
1.305593371391296387e+00
8.978666663169860840e-01
-5.034025311470031738e-01
-6.344387531280517578e-01
1.110505223274230957e+00
-9.589625597000122070e-01
1.266172170639038086e+00
-2.406182698905467987e-02
-1.003007769584655762e+00
-6.829298734664916992e-01
-7.560215592384338379e-01
5.597576498985290527e-01
2.883452177047729492e-01
-1.255501627922058105e+00
-6.436279416084289551e-01
1.486276388168334961e-01
4.392926692962646484e-01
1.153758645057678223e+00
-1.390935301780700684e+00
6.308165192604064941e-01
1.068848371505737305e+00
-2.452377825975418091e-01
-4.072881639003753662e-01
5.012111067771911621e-01
-1.630693860352039337e-02
-7.723960280418395996e-01
-2.915238738059997559e-01
1.432371258735656738e+00
-1.516503840684890747e-01
-8.217215538024902344e-02
-1.571879744529724121e+00
-5.097469687461853027e-01
-1.081622242927551270e+00
-7.749579548835754395e-01
1.089822888374328613e+00
-5.035603046417236328e-01
-1.158235549926757812e+00
-3.423901498317718506e-01
1.497541666030883789e+00
1.190489530563354492e+00
-5.891679525375366211e-01
-1.395310640335083008e+00
-1.135165929794311523e+00
-3.835362195968627930e-01
-1.345294952392578125e+00
1.353609561920166016e+00
5.911954641342163086e-01
-1.252256989479064941e+00
2.132971584796905518e-01
-1.492748379707336426e+00
-1.553804278373718262e+00
3.707227408885955811e-01
-1.077653288841247559e+00
-1.338433384895324707e+00
-6.920700073242187500e-01
7.214044332504272461e-01
-1.585911035537719727e+00
-1.892977058887481689e-01
1.159039258956909180e+00
-4.751003682613372803e-01
-1.359175443649291992e+00
-5.095408558845520020e-01
1.265102922916412354e-01
9.803839325904846191e-01
1.233306884765625000e+00
-3.867357969284057617e-01
1.100684046745300293e+00
9.360804557800292969e-01
-5.655173063278198242e-01
-8.325244784355163574e-01
3.544764220714569092e-02
-5.323983728885650635e-02
2.936452329158782959e-01
-2.598720490932464600e-01
-8.363945484161376953e-01
1.353263616561889648e+00
-9.876413345336914062e-01
-8.746355772018432617e-01
8.900470137596130371e-01
8.131326436996459961e-01
-1.024438023567199707e+00
7.322896122932434082e-01
1.281525969505310059e+00
8.072631955146789551e-01
5.475216507911682129e-01
-5.129968523979187012e-01
7.956110835075378418e-01
-1.485500931739807129e+00
-3.257040977478027344e-01
-1.124074578285217285e+00
-1.453794598579406738e+00
5.315663218498229980e-01
1.522550463676452637e+00
1.062912940979003906e+00
-4.987148940563201904e-01
-1.680297970771789551e+00
-1.851497888565063477e-01
8.258430659770965576e-02
-1.518554925918579102e+00
5.693204402923583984e-01
-7.292642593383789062e-01
9.756232500076293945e-01
3.458302617073059082e-01
-1.574077010154724121e+00
5.441641807556152344e-01
1.344781666994094849e-01
-1.102882549166679382e-01
-3.608556091785430908e-01
1.331569671630859375e+00
1.189943432807922363e+00
6.018214821815490723e-01
6.392822265625000000e-01
1.347847580909729004e+00
1.059795975685119629e+00
1.288615942001342773e+00
2.222848534584045410e-01
-2.699916064739227295e-01
-6.099855899810791016e-01
6.862509250640869141e-02
-1.656833410263061523e+00
-1.329469561576843262e+00
1.151315331459045410e+00
-1.846551448106765747e-01
6.692039221525192261e-02
7.710520029067993164e-01
7.318961024284362793e-01
6.579567193984985352e-01
6.633111834526062012e-01
-8.104465007781982422e-01
-7.088919281959533691e-01
3.414302766323089600e-01
-8.296822905540466309e-01
-7.817658185958862305e-01
-3.449997305870056152e-01
-1.536127686500549316e+00
1.218056201934814453e+00
5.656920373439788818e-02
-1.334344387054443359e+00
-7.132325172424316406e-01
-1.463693857192993164e+00
8.238560557365417480e-01
4.814524054527282715e-01
-6.269873976707458496e-01
-1.229177236557006836e+00
-1.359157443046569824e+00
-6.043127775192260742e-01
-6.081039905548095703e-01
6.696975231170654297e-01
-2.853120565414428711e-01
-1.240752458572387695e+00
1.627782225608825684e+00
-8.514350056648254395e-01
-1.013761043548583984e+00
-5.542856454849243164e-01
6.529893279075622559e-01
4.546009302139282227e-01
-4.486441612243652344e-02
1.859121471643447876e-01
7.315660119056701660e-01
3.475619256496429443e-01
5.211083889007568359e-01
4.529656767845153809e-01
-9.078654050827026367e-01
-1.262781739234924316e+00
8.353370428085327148e-01
3.726259768009185791e-01
1.563839554786682129e+00
-6.033445596694946289e-01
-6.484687328338623047e-01
-1.976033300161361694e-01
-9.679664969444274902e-01
-2.867975234985351562e-01
-9.787932038307189941e-01
-9.808499217033386230e-01
4.089935421943664551e-01
-1.362118721008300781e+00
-5.846413373947143555e-01
3.176251351833343506e-01
-5.796526670455932617e-01
2.077655345201492310e-01
-1.004133462905883789e+00
9.020802974700927734e-01
2.222822606563568115e-01
1.602000713348388672e+00
-1.301085114479064941e+00
1.435342073440551758e+00
-6.173146367073059082e-01
3.991982936859130859e-01
-4.124366343021392822e-01
-4.882615506649017334e-01
2.131656557321548462e-01
-1.212636113166809082e+00
9.201732277870178223e-01
-8.139511197805404663e-02
-1.025664091110229492e+00
8.145268559455871582e-01
1.034641623497009277e+00
-4.219435155391693115e-01
-1.183972716331481934e+00
5.003020167350769043e-01
1.586594462394714355e+00
8.232049643993377686e-02
-7.295994758605957031e-01
-3.135761320590972900e-01
8.786291480064392090e-01
-4.079503715038299561e-01
1.322920322418212891e+00
1.326142191886901855e+00
1.447867900133132935e-01
1.196880578994750977e+00
-1.656980514526367188e+00
7.974583506584167480e-01
1.438051342964172363e+00
5.330190658569335938e-01
-1.307010412216186523e+00
-9.577959179878234863e-01
-9.515383243560791016e-01
1.397454857826232910e+00
2.536056637763977051e-01
-1.281998753547668457e+00
1.156995892524719238e+00
2.283846139907836914e-01
-6.339824199676513672e-01
-4.604767858982086182e-01
-1.008397102355957031e+00
1.973992437124252319e-01
5.993460416793823242e-01
-8.372018337249755859e-01
4.143181443214416504e-01
4.362283349037170410e-01
1.037625789642333984e+00
-1.488033771514892578e+00
5.028400421142578125e-01
6.188971996307373047e-01
-9.407973289489746094e-01
-6.596311926841735840e-01
-1.257644593715667725e-01
-1.253295063972473145e+00
-8.241218328475952148e-01
1.404780507087707520e+00
-2.944843173027038574e-01
-6.791289448738098145e-01
1.163468241691589355e+00
-1.150528550148010254e+00
2.694906592369079590e-01
1.334380030632019043e+00
-4.501697719097137451e-01
-5.783050656318664551e-01
1.508980870246887207e+00
-5.414026975631713867e-01
3.122955858707427979e-01
7.466076612472534180e-01
8.859768509864807129e-02
-1.233024716377258301e+00
-9.694569706916809082e-01
-3.427496850490570068e-01
7.743443846702575684e-01
1.136807084083557129e+00
6.530135869979858398e-01
8.385207653045654297e-01
-1.492874383926391602e+00
1.870766282081604004e-01
6.744482517242431641e-01
1.171974182128906250e+00
-1.681419610977172852e+00
-4.600248038768768311e-01
5.162692070007324219e-02
1.526714682579040527e+00
1.487463951110839844e+00
-1.360393881797790527e+00
1.108699798583984375e+00
-1.444339752197265625e+00
3.573741614818572998e-01
7.828426957130432129e-01
-2.185634821653366089e-01
1.492438435554504395e+00
1.358198881149291992e+00
4.508644938468933105e-01
-1.593313217163085938e-01
-1.660920262336730957e+00
6.819796562194824219e-01
4.524020850658416748e-02
-2.081392556428909302e-01
1.297793865203857422e+00
-5.092046260833740234e-01
-6.841388940811157227e-01
8.807944059371948242e-01
2.028788775205612183e-01
1.181888937950134277e+00
1.421129107475280762e+00
1.242084503173828125e+00
-1.305525541305541992e+00
-3.489871323108673096e-01
-2.515116035938262939e-01
2.020626366138458252e-01
5.241219997406005859e-01
-5.377365946769714355e-01
-1.033679842948913574e+00
4.815137088298797607e-01
9.912192821502685547e-01
1.380505800247192383e+00
1.609934329986572266e+00
-7.066880464553833008e-01
-5.284491777420043945e-01
-1.193056702613830566e+00
-6.386524438858032227e-01
1.413621008396148682e-02
1.070435047149658203e+00
-5.186100602149963379e-01
-6.606786847114562988e-01
9.339767098426818848e-01
4.058162271976470947e-01
1.433650732040405273e+00
3.067012429237365723e-01
1.529717087745666504e+00
7.088608741760253906e-01
1.495013713836669922e+00
-1.392721533775329590e+00
5.358827114105224609e-01
2.515757381916046143e-01
-7.638958096504211426e-01
-1.314720392227172852e+00
8.448112010955810547e-01
1.438515067100524902e+00
9.437756240367889404e-02
-5.279230475425720215e-01
-2.069069445133209229e-01
-1.090327024459838867e+00
5.204539299011230469e-01
-4.793740510940551758e-01
-1.380023241043090820e+00
3.913116455078125000e-01
-1.323408961296081543e+00
1.284932374954223633e+00
1.496032118797302246e+00
9.326668381690979004e-01
-1.427028417587280273e+00
1.572046995162963867e+00
3.221436142921447754e-01
-1.376171112060546875e+00
-2.128192931413650513e-01
-9.705776572227478027e-01
1.026041030883789062e+00
-9.868082404136657715e-01
-1.085363149642944336e+00
1.461869955062866211e+00
2.570807933807373047e-01
-1.176587700843811035e+00
7.403805255889892578e-01
9.152978062629699707e-01
-7.731863856315612793e-01
-1.181187629699707031e+00
-8.204142451286315918e-01
6.987705230712890625e-01
1.086230754852294922e+00
-2.608452737331390381e-01
1.538391709327697754e+00
1.214455440640449524e-01
3.041391670703887939e-01
7.786056399345397949e-01
-1.493875622749328613e+00
-1.196585655212402344e+00
4.468519985675811768e-01
1.356682181358337402e+00
8.452663421630859375e-01
5.795109272003173828e-01
-3.992627561092376709e-01
-6.627506613731384277e-01
-4.953007400035858154e-01
1.542616963386535645e+00
-4.004646837711334229e-01
-4.073497056961059570e-01
6.208243221044540405e-02
-5.051170587539672852e-01
-1.245858550071716309e+00
-1.003572225570678711e+00
-1.549324274063110352e+00
-7.267804145812988281e-01
-7.235514521598815918e-01
-6.349400281906127930e-01
-1.358325719833374023e+00
9.521359801292419434e-01
-1.197885036468505859e+00
-1.202357769012451172e+00
-8.431289196014404297e-01
-5.777549147605895996e-01
-6.665517091751098633e-01
-4.847812354564666748e-01
-2.163478285074234009e-01
-1.344756960868835449e+00
1.411438107490539551e+00
1.179597139358520508e+00
-1.044758200645446777e+00
6.780323982238769531e-01
1.335604190826416016e+00
3.716750442981719971e-01
-1.573797106742858887e+00
-3.949027955532073975e-01
1.597913503646850586e+00
-4.598901867866516113e-01
5.412990450859069824e-01
-8.289085030555725098e-01
6.737842559814453125e-01
3.791301250457763672e-01
7.872398495674133301e-01
1.010172963142395020e+00
-9.064017534255981445e-01
-3.620428442955017090e-01
-1.144905209541320801e+00
5.322350859642028809e-01
6.027551293373107910e-01
-1.219509124755859375e+00
-1.259047150611877441e+00
4.609463214874267578e-01
4.012209475040435791e-01
4.870866239070892334e-01
7.357086986303329468e-02
1.548860192298889160e+00
-1.347123861312866211e+00
6.156762242317199707e-01
5.234588980674743652e-01
1.442363858222961426e+00
-1.240654349327087402e+00
3.542090952396392822e-02
-3.945721685886383057e-01
-1.260381102561950684e+00
7.026918530464172363e-01
-6.209958195686340332e-01
-3.824299275875091553e-01
6.009833812713623047e-01
-6.840791106224060059e-01
-3.150641620159149170e-01
-1.829116940498352051e-01
-1.174810171127319336e+00
-1.527975678443908691e+00
1.060058474540710449e+00
-1.352625608444213867e+00
-1.060906291007995605e+00
-1.331636548042297363e+00
4.113815128803253174e-01
8.338124155998229980e-01
-4.967893064022064209e-01
-1.553224563598632812e+00
4.247955381870269775e-01
-1.410855889320373535e+00
-6.850522756576538086e-01
6.552146077156066895e-01
3.966605365276336670e-01
1.616894483566284180e+00
-8.563439846038818359e-01
-5.374591350555419922e-01
-4.676923453807830811e-01
4.942184388637542725e-01
-8.237732052803039551e-01
1.439012527465820312e+00
-4.585547149181365967e-01
-1.381668329238891602e+00
3.162178993225097656e-01
2.314484864473342896e-01
1.325549006462097168e+00
1.243878841400146484e+00
5.811275839805603027e-01
-1.346776962280273438e+00
3.950373530387878418e-01
1.181868910789489746e-01
-1.495519727468490601e-01
-8.459813147783279419e-02
-1.406777977943420410e+00
-1.291244626045227051e+00
-1.037324547767639160e+00
-1.533942937850952148e+00
3.200882971286773682e-01
1.416971087455749512e+00
1.378800153732299805e+00
2.673942148685455322e-01
-4.051100909709930420e-01
-1.053838253021240234e+00
-4.163154363632202148e-01
-4.405634701251983643e-01
-1.503581643104553223e+00
-1.318427920341491699e+00
1.431580543518066406e+00
-8.522740602493286133e-01
-8.102208971977233887e-01
-5.008487105369567871e-01
-1.134946942329406738e+00
-5.026232600212097168e-01
1.449120521545410156e+00
-1.540915846824645996e+00
-5.958501994609832764e-02
-1.513246655464172363e+00
-4.018121361732482910e-01
4.769324064254760742e-01
-1.458305835723876953e+00
-1.543246984481811523e+00
6.821243166923522949e-01
3.548795282840728760e-01
-1.997822523117065430e-02
9.632177948951721191e-01
-1.141792893409729004e+00
1.449665546417236328e+00
9.212538599967956543e-01
7.354227900505065918e-01
-1.598675251007080078e+00
-5.240744948387145996e-01
3.806612920016050339e-03
-7.338111996650695801e-01
1.426200509071350098e+00
-1.264300823211669922e+00
-1.283612966537475586e+00
8.643896877765655518e-02
-1.528152346611022949e+00
6.752956658601760864e-02
-9.494888782501220703e-01
8.331760168075561523e-01
-5.368843674659729004e-01
-8.080161809921264648e-01
9.844179749488830566e-01
-6.228258609771728516e-01
8.991777300834655762e-01
-1.339920520782470703e+00
1.537811517715454102e+00
-2.507826983928680420e-01
9.097357839345932007e-02
3.339905738830566406e-01
4.729039669036865234e-01
3.103165328502655029e-01
-1.564640879631042480e+00
-9.816092252731323242e-01
-6.569529175758361816e-01
1.467338323593139648e+00
1.182425022125244141e+00
-7.599874585866928101e-02
-1.403656244277954102e+00
2.863723337650299072e-01
1.265412688255310059e+00
4.892514646053314209e-01
8.020625263452529907e-02
-1.066925644874572754e+00
7.352616786956787109e-01
1.630900651216506958e-01
1.303997993469238281e+00
3.542446792125701904e-01
-3.877864181995391846e-01
-5.782910585403442383e-01
-9.181453585624694824e-01
-9.735633134841918945e-01
4.958825409412384033e-01
1.121359705924987793e+00
5.121549367904663086e-01
-1.003319263458251953e+00
-4.375455081462860107e-01
-1.320301294326782227e+00
-4.187725186347961426e-01
-5.027874112129211426e-01
-6.264451146125793457e-01
1.148612380027770996e+00
-1.247318029403686523e+00
-3.031384646892547607e-01
1.017062425613403320e+00
4.172419905662536621e-01
1.044716954231262207e+00
-1.487854838371276855e+00
-1.247455954551696777e+00
-1.399936795234680176e+00
-1.344317436218261719e+00
9.224885106086730957e-01
8.075899481773376465e-01
-3.764942884445190430e-01
1.291811108589172363e+00
6.778402924537658691e-01
-8.621897697448730469e-01
1.407472729682922363e+00
-2.090666443109512329e-01
-1.556470155715942383e+00
-4.267548769712448120e-02
-8.970130681991577148e-01
-5.684732198715209961e-01
-1.558485150337219238e+00
1.219326257705688477e+00
5.958529114723205566e-01
3.284036517143249512e-01
1.319373607635498047e+00
-5.464123189449310303e-02
-4.634087383747100830e-01
7.216227650642395020e-01
1.499427318572998047e+00
-4.587222635746002197e-01
1.411619633436203003e-01
-3.142658174037933350e-01
9.656109213829040527e-01
6.648047566413879395e-01
-1.482052087783813477e+00
9.577348828315734863e-01
9.808567762374877930e-01
2.200798839330673218e-01
-1.891096234321594238e-01
6.293866038322448730e-01
1.651242136955261230e+00
-3.453614413738250732e-01
-1.558791399002075195e+00
1.454521656036376953e+00
1.336994647979736328e+00
-4.913444221019744873e-01
-1.285716533660888672e+00
-5.585454702377319336e-01
1.330339193344116211e+00
1.622883081436157227e-01
9.600895643234252930e-01
-1.426999807357788086e+00
-4.579280912876129150e-01
2.468724399805068970e-01
3.724501132965087891e-01
6.348785161972045898e-01
7.258334755897521973e-01
1.507843852043151855e+00
-7.251935005187988281e-01
8.382351398468017578e-01
6.520962119102478027e-01
1.331361651420593262e+00
1.077254176139831543e+00
5.742269754409790039e-01
1.423902750015258789e+00
-1.389499545097351074e+00
7.348111271858215332e-01
1.264540076255798340e+00
1.341615803539752960e-02
6.617380380630493164e-01
2.760903835296630859e-01
-1.180678248405456543e+00
2.656892240047454834e-01
8.740023970603942871e-01
1.345721125602722168e+00
4.758833646774291992e-01
1.580097436904907227e+00
2.973347306251525879e-01
-1.225452184677124023e+00
-6.549059152603149414e-01
-1.024225473403930664e+00
4.409110248088836670e-01
4.392172396183013916e-01
-1.635810852050781250e+00
-1.621550202369689941e+00
1.078279733657836914e+00
-5.187959074974060059e-01
-1.105866909027099609e+00
1.255394816398620605e+00
-7.026712298393249512e-01
-5.377390980720520020e-01
3.341157436370849609e-01
8.343830704689025879e-01
1.796955615282058716e-01
-1.598335504531860352e+00
8.222382664680480957e-01
1.311852216720581055e+00
5.276361107826232910e-01
-8.781128525733947754e-01
1.123343586921691895e+00
-1.516959071159362793e+00
-1.176750540733337402e+00
-1.010473594069480896e-01
-2.527982890605926514e-01
1.292448520660400391e+00
-1.382272958755493164e+00
-2.445514947175979614e-01
-7.964135408401489258e-01
-1.273029804229736328e+00
-1.413925170898437500e+00
4.323582053184509277e-01
1.740005731582641602e+00
-8.495875597000122070e-01
-1.856734901666641235e-01
9.071548581123352051e-01
1.428011775016784668e+00
-4.433301091194152832e-01
-9.310032129287719727e-01
8.676429837942123413e-02
-1.249949447810649872e-02
-1.037466004490852356e-01
-7.800704240798950195e-01
-1.318005084991455078e+00
-1.200577020645141602e+00
1.357780933380126953e+00
1.099600434303283691e+00
-8.791519701480865479e-02
1.215252637863159180e+00
-1.251714468002319336e+00
1.571659445762634277e+00
-6.530039310455322266e-01
1.500886797904968262e+00
-1.007840514183044434e+00
-7.647104859352111816e-01
5.888974070549011230e-01
3.966811895370483398e-01
3.810737729072570801e-01
5.933231711387634277e-01
1.462988972663879395e+00
1.330910325050354004e+00
-1.513126969337463379e+00
-8.776448369026184082e-01
1.644922196865081787e-01
-1.345528215169906616e-01
3.158715963363647461e-01
-6.900401711463928223e-01
9.924556612968444824e-01
4.569712877273559570e-01
-1.230850458145141602e+00
1.179546833038330078e+00
-1.400949716567993164e+00
1.042598605155944824e+00
-2.548179328441619873e-01
1.355725526809692383e+00
-1.132383108139038086e+00
-1.175820529460906982e-01
1.497846126556396484e+00
3.186264634132385254e-01
-1.094488978385925293e+00
1.991827785968780518e-01
-4.999572336673736572e-01
-6.949079036712646484e-01
-3.740419447422027588e-01
2.376534044742584229e-01
1.400270819664001465e+00
-1.324704766273498535e+00
-8.515498042106628418e-01
-1.083181619644165039e+00
-6.631725430488586426e-01
-2.561239600181579590e-01
-5.780968070030212402e-01
-5.236557722091674805e-01
-2.761885821819305420e-01
-1.572252392768859863e+00
1.555085629224777222e-01
-1.358026981353759766e+00
-1.543470263481140137e+00
1.434991478919982910e+00
-1.557461142539978027e+00
1.243249177932739258e+00
1.699013113975524902e+00
1.357958197593688965e+00
2.196723371744155884e-01
-6.795434951782226562e-01
-1.347994446754455566e+00
-1.906924843788146973e-01
-3.921665847301483154e-01
-3.449235558509826660e-01
-1.550964951515197754e+00
-1.299929141998291016e+00
1.003607630729675293e+00
-5.012410283088684082e-01
-1.824094355106353760e-01
-6.950790286064147949e-01
-4.796088635921478271e-01
7.058992981910705566e-01
7.433070242404937744e-02
-7.418693304061889648e-01
-6.054456233978271484e-01
-5.575224161148071289e-01
-8.799014091491699219e-01
4.029696285724639893e-01
3.527455776929855347e-02
-4.623675942420959473e-01
-1.026966571807861328e+00
1.005182638764381409e-01
1.309643626213073730e+00
-4.629943668842315674e-01
-9.406614303588867188e-01
-4.972241818904876709e-01
-9.430341720581054688e-01
1.172535777091979980e+00
-7.537725567817687988e-01
-1.421922922134399414e+00
8.631681799888610840e-01
4.989236593246459961e-01
-1.518847107887268066e+00
-6.346840411424636841e-03
1.354986071586608887e+00
1.644630551338195801e+00
-5.670598149299621582e-01
-2.377484887838363647e-01
4.741080999374389648e-01
-2.292373776435852051e-01
6.164004206657409668e-01
-1.610109925270080566e+00
3.276327550411224365e-01
7.617167830467224121e-01
1.683187037706375122e-01
-1.143967986106872559e+00
-5.322234034538269043e-01
5.731403231620788574e-01
9.558712691068649292e-02
-8.364179730415344238e-01
-6.238368153572082520e-01
2.044039517641067505e-01
1.313631772994995117e+00
-1.158687353134155273e+00
1.880299150943756104e-01
-1.587933301925659180e+00
3.018111288547515869e-01
3.548867404460906982e-01
-6.641530990600585938e-01
-9.857815504074096680e-01
-9.406201243400573730e-01
-1.168044924736022949e+00
7.548881173133850098e-01
5.643187761306762695e-01
5.329092144966125488e-01
-5.647742748260498047e-01
-3.756020665168762207e-01
8.265857696533203125e-01
1.405715584754943848e+00
1.154790163040161133e+00
3.304442465305328369e-01
-3.935978561639785767e-02
5.972802639007568359e-02
2.128297388553619385e-01
2.978129982948303223e-01
1.312284708023071289e+00
6.594482660293579102e-01
-1.127794623374938965e+00
8.543910384178161621e-01
-1.499593138694763184e+00
4.325210750102996826e-01
-3.806695342063903809e-01
-1.322424769401550293e+00
-1.346074461936950684e+00
1.252635717391967773e-01
-1.281438112258911133e+00
-8.059261739253997803e-02
9.859648942947387695e-01
3.505131602287292480e-01
-8.964706659317016602e-01
9.445955753326416016e-01
-1.512064456939697266e+00
-5.179241299629211426e-01
1.392138600349426270e+00
-7.283906340599060059e-01
-5.873124599456787109e-01
-4.949345886707305908e-01
1.312937855720520020e+00
1.407958626747131348e+00
-1.398978233337402344e+00
7.149771451950073242e-01
9.767159819602966309e-01
-7.269019484519958496e-01
-6.357234716415405273e-02
-5.700435042381286621e-01
-1.327120900154113770e+00
1.216509222984313965e+00
6.095803529024124146e-02
1.072014212608337402e+00
-7.298589944839477539e-01
1.091447234153747559e+00
6.501342058181762695e-01
1.125471472740173340e+00
4.895887672901153564e-01
7.408525943756103516e-01
4.533858597278594971e-01
4.513157010078430176e-01
-9.637538194656372070e-01
7.514395713806152344e-01
5.859476923942565918e-01
3.634277284145355225e-01
1.019280552864074707e+00
9.207848906517028809e-01
8.566690087318420410e-01
-9.177316427230834961e-01
6.054983139038085938e-01
1.957389116287231445e-01
9.678478538990020752e-02
1.193377494812011719e+00
-1.238094091415405273e+00
8.687368035316467285e-01
-1.197300553321838379e+00
-6.871390938758850098e-01
-6.562729477882385254e-01
5.840473771095275879e-01
4.349404871463775635e-01
3.308528065681457520e-01
6.693224310874938965e-01
-7.955979108810424805e-01
1.515173077583312988e+00
-9.790136814117431641e-01
-1.690419197082519531e+00
-1.355073809623718262e+00
1.217520475387573242e+00
1.201774120330810547e+00
-1.527174711227416992e+00
-1.218623399734497070e+00
5.433232784271240234e-01
1.331790387630462646e-01
3.479082882404327393e-01
6.502346992492675781e-01
-8.468022346496582031e-01
8.199589252471923828e-01
-3.533102571964263916e-01
-1.486225485801696777e+00
-1.285448193550109863e+00
1.372634053230285645e+00
-3.925345838069915771e-02
1.667532563209533691e+00
2.423543483018875122e-01
1.495424747467041016e+00
1.113838553428649902e+00
-2.142467349767684937e-01
-3.944409489631652832e-01
6.030763387680053711e-01
1.211764454841613770e+00
-1.225588083267211914e+00
1.450305223464965820e+00
7.689445614814758301e-01
-3.408064544200897217e-01
1.257163405418395996e+00
7.949177026748657227e-01
-2.489724606275558472e-01
9.056770801544189453e-01
9.269480705261230469e-01
-4.827072024345397949e-01
-1.482686281204223633e+00
7.368137240409851074e-01
-7.807785868644714355e-01
-6.284730434417724609e-01
3.666692674160003662e-01
1.214038014411926270e+00
1.636751174926757812e+00
-5.304798483848571777e-01
-1.344902515411376953e+00
-1.370168685913085938e+00
2.553748190402984619e-01
3.931561410427093506e-01
-1.185965657234191895e+00
-9.052691459655761719e-01
-1.268631339073181152e+00
-1.512767672538757324e+00
9.474830627441406250e-01
-2.804873287677764893e-01
-1.599059462547302246e+00
6.081051826477050781e-01
-5.797039866447448730e-01
4.300118386745452881e-01
1.490439176559448242e+00
1.379877090454101562e+00
-3.341198861598968506e-01
-5.064605474472045898e-01
-1.240462422370910645e+00
-1.180655360221862793e+00
2.395431548357009888e-01
-6.346815824508666992e-01
7.168906331062316895e-01
1.146564364433288574e+00
1.700502634048461914e-01
-3.901805728673934937e-02
-4.996025264263153076e-01
-8.423580527305603027e-01
-5.743937492370605469e-01
7.553322315216064453e-01
1.053126096725463867e+00
-1.711752861738204956e-01
-7.383002042770385742e-01
3.646365702152252197e-01
-1.577021002769470215e+00
-1.251801371574401855e+00
1.592177510261535645e+00
-1.501525998115539551e+00
4.477752447128295898e-01
-7.938182950019836426e-01
1.279123425483703613e+00
-3.760765790939331055e-01
1.687568068504333496e+00
-7.859145998954772949e-01
-1.499657034873962402e+00
6.218265295028686523e-01
4.450708925724029541e-01
-4.086359441280364990e-01
-3.509872257709503174e-01
-1.386512756347656250e+00
2.165086120367050171e-01
6.695601344108581543e-01
1.187536239624023438e+00
-1.003186583518981934e+00
1.311879277229309082e+00
-2.324244529008865356e-01
-9.512213468551635742e-01
1.352293014526367188e+00
-9.428925514221191406e-01
-1.545402646064758301e+00
5.625851154327392578e-01
9.667432904243469238e-01
-1.074412345886230469e+00
-1.119679927825927734e+00
3.515606522560119629e-01
-5.239369273185729980e-01
5.017127394676208496e-01
5.092779994010925293e-01
3.293176889419555664e-01
-1.358868479728698730e+00
3.262971937656402588e-01
2.958210706710815430e-01
-8.751307129859924316e-01
1.096164286136627197e-01
-9.301757812500000000e-01
6.688086390495300293e-01
-4.510121047496795654e-01
-1.596197724342346191e+00
-4.451463520526885986e-01
-3.184119462966918945e-01
5.513120889663696289e-01
-1.083282947540283203e+00
1.309815645217895508e+00
6.857028603553771973e-01
-1.210692524909973145e+00
2.456825077533721924e-01
4.393184781074523926e-01
-8.902251720428466797e-01
-2.979983203113079071e-02
2.639847695827484131e-01
-7.758373022079467773e-01
1.395317792892456055e+00
3.330667316913604736e-02
1.546854615211486816e+00
1.343687057495117188e+00
-1.759546846151351929e-01
7.053207159042358398e-01
-5.391325354576110840e-01
8.323323130607604980e-01
8.934966325759887695e-01
-1.583823412656784058e-01
8.369995951652526855e-01
-6.037308573722839355e-01
-7.565007805824279785e-01
-6.687757968902587891e-01
6.326156854629516602e-01
4.679998457431793213e-01
-9.460835456848144531e-01
-4.816095530986785889e-01
1.276852130889892578e+00
-1.440591335296630859e+00
6.308380961418151855e-01
4.341336786746978760e-01
1.018579602241516113e+00
1.251348614692687988e+00
1.094966411590576172e+00
1.516047120094299316e+00
3.190601617097854614e-02
1.190535545349121094e+00
-3.056215047836303711e-01
-3.932540714740753174e-01
-8.074611425399780273e-01
-8.180599212646484375e-01
-1.261628121137619019e-01
-1.308379888534545898e+00
2.299584746360778809e-01
-1.118843078613281250e+00
1.369122385978698730e+00
-7.957160472869873047e-01
-9.592393636703491211e-01
1.212352633476257324e+00
-2.767198383808135986e-01
-6.030888557434082031e-01
1.630569934844970703e+00
-1.601042747497558594e+00
5.650768876075744629e-01
7.574930191040039062e-01
2.617436051368713379e-01
2.007197886705398560e-01
4.146719276905059814e-01
-8.944360613822937012e-01
7.370368838310241699e-01
-5.814380049705505371e-01
1.297834515571594238e-02
-1.548990011215209961e+00
1.159671902656555176e+00
2.477826923131942749e-02
-5.509475469589233398e-01
3.440992236137390137e-01
1.494324207305908203e+00
-3.285990655422210693e-01
1.575315356254577637e+00
3.508235812187194824e-01
1.581064224243164062e+00
4.278687536716461182e-01
3.992501497268676758e-01
4.784658551216125488e-01
-2.786211073398590088e-01
-5.409805774688720703e-01
1.096461534500122070e+00
-2.880008816719055176e-01
-3.583168685436248779e-01
5.384571552276611328e-01
1.128115892410278320e+00
-4.201398491859436035e-01
1.416505694389343262e+00
8.204120993614196777e-01
5.302258729934692383e-01
-5.055531859397888184e-01
1.234730482101440430e+00
-6.781750321388244629e-01
-1.519977450370788574e-01
5.895928144454956055e-01
-1.496262550354003906e+00
-2.307549864053726196e-01
9.901801943778991699e-01
-1.412446983158588409e-02
7.681704759597778320e-01
-5.339810252189636230e-01
9.857989549636840820e-01
-6.437783688306808472e-02
3.838436007499694824e-01
1.103634715080261230e+00
-1.668613404035568237e-02
-1.112862944602966309e+00
-1.272987008094787598e+00
4.505307674407958984e-01
-7.778679579496383667e-02
5.079283714294433594e-01
-5.909963846206665039e-01
-9.225890636444091797e-01
-1.288920044898986816e+00
5.429807901382446289e-01
4.445720016956329346e-01
1.026688218116760254e+00
3.113213479518890381e-01
-9.774556756019592285e-01
7.442076802253723145e-01
5.002660155296325684e-01
1.358258605003356934e+00
-1.380158185958862305e+00
1.565522551536560059e-01
4.246346354484558105e-01
-4.407640397548675537e-01
-5.546687245368957520e-01
1.192969441413879395e+00
4.069217443466186523e-01
2.454369962215423584e-01
6.752431392669677734e-01
-1.540515065193176270e+00
1.432412147521972656e+00
-1.361811161041259766e+00
-2.053366452455520630e-01
-7.147350311279296875e-01
1.298503875732421875e+00
-5.131490230560302734e-01
-5.780554413795471191e-01
-3.997297883033752441e-01
-1.154681593179702759e-01
7.443206310272216797e-01
-1.303452372550964355e+00
1.120615124702453613e+00
8.637624979019165039e-01
-1.323539733886718750e+00
-3.623094856739044189e-01
1.610905304551124573e-02
-1.799820363521575928e-01
-3.229250609874725342e-01
-1.510042786598205566e+00
-1.164293408393859863e+00
-6.527897119522094727e-01
-7.893996238708496094e-01
-3.893865048885345459e-01
1.234688282012939453e+00
-1.230588912963867188e+00
1.495500326156616211e+00
-6.859477162361145020e-01
-9.107629656791687012e-01
2.010737061500549316e-01
4.101324677467346191e-01
-3.619339168071746826e-01
-1.294856190681457520e+00
5.733779072761535645e-02
1.564336895942687988e+00
-4.992367923259735107e-01
-3.272463083267211914e-01
1.308664977550506592e-01
-6.321956515312194824e-01
8.236063122749328613e-01
-6.234792470932006836e-01
-1.421888828277587891e+00
-3.471482098102569580e-01
8.546835780143737793e-01
-8.067269921302795410e-01
6.084783673286437988e-01
-6.281524300575256348e-01
-9.384554624557495117e-01
-1.149209141731262207e+00
-5.545894503593444824e-01
-4.780335128307342529e-01
-1.121803402900695801e+00
-8.172953724861145020e-01
-8.302117586135864258e-01
2.830468118190765381e-01
-9.197668433189392090e-01
1.315898537635803223e+00
-1.852980852127075195e-01
1.404834628105163574e+00
3.966067135334014893e-01
-6.715483069419860840e-01
1.652629375457763672e+00
-2.473518401384353638e-01
-5.363827943801879883e-01
-8.821334242820739746e-01
-1.868559420108795166e-02
1.332873344421386719e+00
9.646281003952026367e-01
-3.594102859497070312e-01
1.356301426887512207e+00
-6.721709966659545898e-01
-5.312221646308898926e-01
-8.163172006607055664e-02
1.295167803764343262e+00
6.340765357017517090e-01
2.327654659748077393e-01
-1.186386823654174805e+00
1.198870301246643066e+00
-3.730035126209259033e-01
1.124576091766357422e+00
1.093478679656982422e+00
-3.776372969150543213e-01
1.559169530868530273e+00
-9.017857909202575684e-02
-5.128731131553649902e-01
2.453499585390090942e-01
-5.047082901000976562e-01
-1.534520626068115234e+00
3.139993846416473389e-01
-5.302410572767257690e-02
-1.323917508125305176e+00
-1.386679530143737793e+00
-1.104322075843811035e+00
-5.396905541419982910e-01
-1.390702962875366211e+00
9.061480164527893066e-01
-5.910411477088928223e-01
2.921146750450134277e-01
1.535334348678588867e+00
-1.450155079364776611e-01
-4.296430349349975586e-01
-1.784108132123947144e-01
-1.284923434257507324e+00
-6.919483542442321777e-01
-1.629170417785644531e+00
-1.024505615234375000e+00
1.416402101516723633e+00
1.042904615402221680e+00
-8.398305773735046387e-01
-5.185185372829437256e-02
-4.723550975322723389e-01
-1.596840322017669678e-01
1.155494689941406250e+00
1.257910490036010742e+00
-5.415983796119689941e-01
-1.208970069885253906e+00
4.515154659748077393e-01
-1.536657929420471191e+00
-4.407063722610473633e-01
-1.025138497352600098e+00
-4.360790848731994629e-01
1.269272446632385254e+00
-1.614997982978820801e+00
-2.172858864068984985e-01
-1.473091125488281250e+00
-4.600469470024108887e-01
1.658775210380554199e+00
-1.853660792112350464e-01
-3.312509357929229736e-01
9.218038320541381836e-01
1.096982836723327637e+00
1.345127582550048828e+00
1.615661144256591797e+00
-1.018292546272277832e+00
-2.874520123004913330e-01
3.962201476097106934e-01
-1.155844807624816895e+00
1.151655316352844238e+00
-2.811154723167419434e-01
-1.527553439140319824e+00
1.080962777137756348e+00
-3.597132563591003418e-01
-9.373900294303894043e-01
1.050034761428833008e+00
-8.513565063476562500e-01
-6.813288331031799316e-01
5.654961466789245605e-01
-1.651306748390197754e+00
8.326244354248046875e-01
1.204192876815795898e+00
8.117143511772155762e-01
-6.223670244216918945e-01
6.792964935302734375e-01
-1.564091801643371582e+00
8.121694326400756836e-01
7.316277623176574707e-01
9.347463250160217285e-01
-2.263042479753494263e-01
-1.346376419067382812e+00
3.088626563549041748e-01
4.329281747341156006e-01
-5.758664011955261230e-01
6.332881450653076172e-01
-5.293135046958923340e-01
-2.339733242988586426e-01
-6.060894727706909180e-01
-4.832608997821807861e-01
2.960582673549652100e-01
-1.345114707946777344e-01
1.622946023941040039e+00
-3.373438417911529541e-01
2.542743384838104248e-01
1.348602533340454102e+00
-1.399453639984130859e+00
7.609726190567016602e-01
8.998027443885803223e-01
3.779097199440002441e-01
-6.971980929374694824e-01
5.212498828768730164e-03
8.452349901199340820e-01
-5.311558842658996582e-01
1.467501401901245117e+00
-5.889996886253356934e-01
4.755411744117736816e-01
-3.471404910087585449e-01
-4.070637524127960205e-01
7.957111597061157227e-01
1.636529922485351562e+00
1.186033129692077637e+00
1.294318556785583496e+00
6.625573635101318359e-01
-7.031509280204772949e-01
-6.589413285255432129e-01
-1.016541481018066406e+00
-1.527239441871643066e+00
-1.259639382362365723e+00
-3.921678960323333740e-01
1.487673521041870117e+00
7.138560712337493896e-02
1.537199854850769043e+00
1.487758636474609375e+00
7.122965455055236816e-01
-1.160138130187988281e+00
5.722178220748901367e-01
8.052113056182861328e-01
1.409968733787536621e+00
9.982500076293945312e-01
-4.889616370201110840e-01
-4.205070436000823975e-01
7.118403315544128418e-01
4.234321415424346924e-01
-1.616051673889160156e+00
4.715811610221862793e-01
1.444425582885742188e+00
4.950874447822570801e-01
7.743777632713317871e-01
1.363118648529052734e+00
4.280010461807250977e-01
9.994571208953857422e-01
1.493951797485351562e+00
5.524725317955017090e-01
-5.719407796859741211e-01
7.758748531341552734e-01
1.077571868896484375e+00
-1.265348434448242188e+00
3.750841319561004639e-01
4.843526780605316162e-01
4.654641151428222656e-01
-3.545438349246978760e-01
-3.208043873310089111e-01
1.703769713640213013e-01
-1.483603715896606445e+00
-1.291117906570434570e+00
5.547952651977539062e-01
5.633212327957153320e-01
-5.114538073539733887e-01
4.087197780609130859e-01
1.151335000991821289e+00
-1.363650798797607422e+00
3.730965852737426758e-01
-1.261329293251037598e+00
5.383462905883789062e-01
-3.024613559246063232e-01
1.150108218193054199e+00
6.150960326194763184e-01
1.446171164512634277e+00
2.658793926239013672e-01
-4.952227175235748291e-01
6.509240865707397461e-01
-1.630681991577148438e+00
-1.230288892984390259e-01
6.651282906532287598e-01
-1.362522721290588379e+00
-1.424561619758605957e+00
-1.130392789840698242e+00
5.813626646995544434e-01
1.051242113113403320e+00
1.328861713409423828e+00
3.482174873352050781e-01
-2.553283274173736572e-01
-6.991507411003112793e-01
-6.792365908622741699e-01
1.467015862464904785e+00
5.794625878334045410e-01
1.380103826522827148e+00
2.167750000953674316e-01
2.716310918331146240e-01
-1.585717439651489258e+00
1.585395336151123047e-01
-1.090834259986877441e+00
4.673262536525726318e-01
5.061549544334411621e-01
-3.641274273395538330e-01
-4.565061926841735840e-01
-6.439231634140014648e-01
-9.903935790061950684e-01
-5.252575278282165527e-01
1.236838221549987793e+00
-5.410014390945434570e-01
-1.359973996877670288e-01
1.187169313430786133e+00
1.064373493194580078e+00
2.709858715534210205e-01
1.520412564277648926e+00
-8.742955923080444336e-01
8.388122320175170898e-01
-1.506072998046875000e+00
-1.251054048538208008e+00
-2.932669781148433685e-02
-3.583244085311889648e-01
1.138768553733825684e+00
-1.215553760528564453e+00
-7.959826588630676270e-01
-6.976100802421569824e-02
4.429096877574920654e-01
-4.769068956375122070e-01
6.762441992759704590e-01
6.509428024291992188e-01
5.124630331993103027e-01
9.941390156745910645e-01
9.029900431632995605e-01
9.499726295471191406e-01
9.831664562225341797e-01
9.121936559677124023e-01
8.972110152244567871e-01
9.169874191284179688e-01
9.750328660011291504e-01
9.071734547615051270e-01
9.401615858078002930e-01
1.005182862281799316e+00
9.448582530021667480e-01
9.091377854347229004e-01
9.071096777915954590e-01
8.942757248878479004e-01
1.016686916351318359e+00
9.719810485839843750e-01
9.233861565589904785e-01
9.672540426254272461e-01
9.035990238189697266e-01
9.655114412307739258e-01
1.025841116905212402e+00
9.103450179100036621e-01
1.005537033081054688e+00
9.885313510894775391e-01
9.351685047149658203e-01
9.478597640991210938e-01
9.188773036003112793e-01
1.030716061592102051e+00
9.276326894760131836e-01
9.658519029617309570e-01
1.004160046577453613e+00
1.057413816452026367e+00
1.030284166336059570e+00
9.442057609558105469e-01
9.724158048629760742e-01
1.060836195945739746e+00
9.917207956314086914e-01
9.670256376266479492e-01
1.004672646522521973e+00
1.052902579307556152e+00
9.735310673713684082e-01
1.011260628700256348e+00
9.791524410247802734e-01
9.044563770294189453e-01
1.071188569068908691e+00
9.458236098289489746e-01
9.431288242340087891e-01
1.000789880752563477e+00
1.008342742919921875e+00
9.067747592926025391e-01
9.369613528251647949e-01
9.651758670806884766e-01
9.828544855117797852e-01
9.726827144622802734e-01
8.948265314102172852e-01
9.120595455169677734e-01
9.433135390281677246e-01
1.090719938278198242e+00
9.156020879745483398e-01
8.983155488967895508e-01
9.995555281639099121e-01
9.935639500617980957e-01
1.037513017654418945e+00
9.177136421203613281e-01
9.669504165649414062e-01
9.516636729240417480e-01
1.100097298622131348e+00
8.908460140228271484e-01
9.380819797515869141e-01
9.649937152862548828e-01
9.409613013267517090e-01
9.150039553642272949e-01
9.206221699714660645e-01
9.511346817016601562e-01
1.049053907394409180e+00
1.024824261665344238e+00
9.722350239753723145e-01
9.914814233779907227e-01
9.771159291267395020e-01
9.174288511276245117e-01
1.023864269256591797e+00
9.494163990020751953e-01
1.035416007041931152e+00
9.431213140487670898e-01
9.377582073211669922e-01
9.524027109146118164e-01
9.701759219169616699e-01
9.795743227005004883e-01
1.011779904365539551e+00
9.266216754913330078e-01
1.039996266365051270e+00
9.065979719161987305e-01
-1.014313936233520508e+00
-4.917269051074981689e-01
7.379893660545349121e-01
-1.343503117561340332e+00
-4.541199505329132080e-01
3.857953250408172607e-01
1.898786574602127075e-01
3.464840650558471680e-01
-8.773937821388244629e-01
-8.139688372611999512e-01
-7.388125061988830566e-01
-7.190995216369628906e-01
-1.204853534698486328e+00
-6.080614775419235229e-02
-1.418701648712158203e+00
4.637259244918823242e-01
5.929208397865295410e-01
4.604949355125427246e-01
-3.679096698760986328e-01
1.406957030296325684e+00
7.614367455244064331e-02
-3.330245614051818848e-02
-3.814825415611267090e-01
-1.045265719294548035e-01
8.567097783088684082e-01
-9.733805805444717407e-02
1.554873228073120117e+00
-1.180343508720397949e+00
-9.142742753028869629e-01
-3.601483702659606934e-01
5.685369968414306641e-01
-6.248069405555725098e-01
-4.869187474250793457e-01
1.230384826660156250e+00
-6.908188462257385254e-01
-7.813615798950195312e-01
-5.730100870132446289e-01
4.251072406768798828e-01
-1.256795048713684082e+00
-1.335071206092834473e+00
1.399963200092315674e-01
5.596539974212646484e-01
-4.237553477287292480e-01
1.695577949285507202e-01
1.507758259773254395e+00
-3.913318216800689697e-01
1.400811374187469482e-01
-1.011957764625549316e+00
-6.679900884628295898e-01
-3.566739261150360107e-01
2.344308495521545410e-01
5.382521748542785645e-01
-1.395109891891479492e-01
2.144903689622879028e-01
-1.149968266487121582e+00
-1.328031420707702637e+00
3.453063964843750000e-01
-4.767459332942962646e-01
1.573135018348693848e+00
1.371840238571166992e+00
-3.190023303031921387e-01
-1.362046599388122559e-01
8.449198603630065918e-01
-5.188757181167602539e-01
-6.565743088722229004e-01
1.248245716094970703e+00
2.599612176418304443e-01
-6.684344410896301270e-01
-3.868872821331024170e-01
1.554880619049072266e+00
7.527956962585449219e-01
-1.065810680389404297e+00
3.178899884223937988e-01
5.961926281452178955e-02
-1.393042445182800293e+00
-1.495155811309814453e+00
1.101394295692443848e+00
8.087463974952697754e-01
-4.558993577957153320e-01
1.023513555526733398e+00
4.612294733524322510e-01
-5.730584263801574707e-01
-4.757476449012756348e-01
-4.015423357486724854e-01
-6.525752544403076172e-01
-5.708869695663452148e-01
-4.729553461074829102e-01
-1.717079579830169678e-01
1.446635246276855469e+00
1.498594284057617188e+00
-6.593282818794250488e-01
-5.866640210151672363e-01
1.303261637687683105e+00
1.470030665397644043e+00
1.583234965801239014e-01
-8.904331326484680176e-01
1.370692968368530273e+00
5.151591300964355469e-01
-1.753440201282501221e-01
1.363388657569885254e+00
-4.502922594547271729e-01
-9.755396842956542969e-01
-3.145431876182556152e-01
-5.809611082077026367e-01
-4.658626019954681396e-01
-1.153222799301147461e+00
-1.538393735885620117e+00
-6.103978157043457031e-01
1.234543323516845703e+00
1.056059598922729492e+00
-1.109418153762817383e+00
-1.237961292266845703e+00
-1.031475067138671875e+00
-1.010267496109008789e+00
2.498552203178405762e-03
3.795778751373291016e-01
-1.362631678581237793e+00
1.358527302742004395e+00
-2.904619872570037842e-01
4.677042961120605469e-01
8.838016539812088013e-03
1.603584766387939453e+00
-1.068727493286132812e+00
-4.029058516025543213e-01
-4.846266210079193115e-01
4.007726907730102539e-01
-1.309370279312133789e+00
1.916875690221786499e-01
-5.560089349746704102e-01
-1.284771919250488281e+00
1.521558761596679688e+00
1.200752496719360352e+00
3.202973604202270508e-01
5.203412771224975586e-01
-1.020069122314453125e+00
7.578640580177307129e-01
1.023525834083557129e+00
-4.848891794681549072e-01
1.546568870544433594e-01
2.245917171239852905e-02
-7.212456464767456055e-01
7.069221138954162598e-01
-9.586972594261169434e-01
5.208968520164489746e-01
2.432988733053207397e-01
3.285684287548065186e-01
-5.390838980674743652e-01
6.468930244445800781e-01
-8.603101968765258789e-01
3.960030972957611084e-01
1.268770575523376465e+00
-5.164869427680969238e-01
2.563050091266632080e-01
3.245474398136138916e-01
-5.695576667785644531e-01
-1.679858416318893433e-01
1.503938436508178711e+00
-3.261893689632415771e-01
1.437354087829589844e-01
3.212778568267822266e-01
2.669756412506103516e-01
1.675188064575195312e+00
7.126279473304748535e-01
-1.094400435686111450e-01
-4.066776931285858154e-01
-1.802950501441955566e-01
6.224513053894042969e-01
1.490209102630615234e-01
3.232796192169189453e-01
4.660527408123016357e-01
1.381915450096130371e+00
-1.678617447614669800e-01
-1.342718839645385742e+00
5.031536221504211426e-01
-2.618862390518188477e-01
-7.917952537536621094e-01
-1.464201450347900391e+00
7.737326622009277344e-01
4.388119280338287354e-02
1.568153619766235352e+00
4.456278979778289795e-01
1.552777886390686035e+00
4.960088729858398438e-01
1.578111529350280762e+00
-9.830554127693176270e-01
-7.741222977638244629e-01
-8.532333970069885254e-01
-9.493083953857421875e-01
-5.164705514907836914e-01
6.377104669809341431e-02
1.060719013214111328e+00
1.407636143267154694e-02
5.277121663093566895e-01
7.503222823143005371e-01
8.268728256225585938e-01
-6.729394793510437012e-01
1.466782450675964355e+00
-9.258840680122375488e-01
-1.275739550590515137e+00
4.117489755153656006e-01
-1.100371837615966797e+00
-9.741186499595642090e-01
1.208940148353576660e+00
-1.732611209154129028e-01
4.898458123207092285e-01
-1.457162976264953613e+00
2.708306908607482910e-01
-1.682898521423339844e+00
-1.333147287368774414e+00
5.588941574096679688e-01
5.001935958862304688e-01
1.306182980537414551e+00
1.271613478660583496e+00
-7.641360163688659668e-01
-1.565812528133392334e-01
1.119785904884338379e+00
-3.409722149372100830e-01
1.049026846885681152e+00
-9.558735489845275879e-01
1.460417747497558594e+00
-1.395425796508789062e+00
1.288506865501403809e+00
-2.958301305770874023e-01
-6.153001785278320312e-01
-1.225186467170715332e+00
8.061365485191345215e-01
1.045540571212768555e+00
4.904081523418426514e-01
1.667934358119964600e-01
-1.066570997238159180e+00
4.914321005344390869e-01
9.661861658096313477e-01
4.566852450370788574e-01
-8.775348067283630371e-01
4.937735497951507568e-01
7.556266188621520996e-01
3.782224655151367188e-01
1.213755846023559570e+00
-5.493981838226318359e-01
5.852887034416198730e-01
1.116045951843261719e+00
-3.592553734779357910e-01
5.390700101852416992e-01
-5.751784443855285645e-01
6.027572154998779297e-01
1.340754866600036621e+00
-1.280487418174743652e+00
-2.689565122127532959e-01
-1.646751642227172852e+00
6.642864346504211426e-01
1.340364336967468262e+00
-2.542256116867065430e-01
-1.236178874969482422e+00
1.552870571613311768e-01
-7.776570916175842285e-01
-6.065655350685119629e-01
8.709651231765747070e-01
-9.528986215591430664e-01
-5.788993239402770996e-01
-7.993149012327194214e-02
-4.794696867465972900e-01
2.561397254467010498e-01
1.985285431146621704e-01
-1.211120247840881348e+00
5.876469016075134277e-01
8.038559556007385254e-01
1.310024976730346680e+00
3.317739367485046387e-01
-1.059512138366699219e+00
1.283705472946166992e+00
1.186640501022338867e+00
-8.579648137092590332e-01
-1.410437226295471191e+00
-5.430718883872032166e-04
5.736660957336425781e-02
-9.256811141967773438e-01
-1.112210512161254883e+00
-1.478940010070800781e+00
7.856941223144531250e-01
-1.526447296142578125e+00
6.424561142921447754e-01
1.544608116149902344e+00
-5.896868109703063965e-01
-3.800052702426910400e-01
1.327165842056274414e+00
1.403413295745849609e+00
9.485451579093933105e-01
5.108667016029357910e-01
-2.539980113506317139e-01
-1.372727394104003906e+00
1.386599898338317871e+00
-1.583343446254730225e-01
-1.122509002685546875e+00
1.066073894500732422e+00
-1.116635560989379883e+00
1.051493048667907715e+00
7.041432261466979980e-01
-1.308324456214904785e+00
1.397523045539855957e+00
-1.241289615631103516e+00
-4.143487513065338135e-01
-1.648077964782714844e+00
9.052647948265075684e-01
-5.601972937583923340e-01
3.586685955524444580e-01
7.022086381912231445e-01
7.310423254966735840e-02
4.160766303539276123e-02
-4.533020853996276855e-01
-2.614867985248565674e-01
8.835605978965759277e-01
-6.186797022819519043e-01
5.738120079040527344e-01
1.362267136573791504e+00
-1.562433719635009766e+00
-1.327341198921203613e+00
6.602039933204650879e-01
9.422417879104614258e-01
1.160185694694519043e+00
1.195821285247802734e+00
-2.071552425622940063e-01
-3.632275760173797607e-01
1.361993670463562012e+00
1.259672194719314575e-01
3.172361254692077637e-01
-1.816744208335876465e-01
1.269896864891052246e+00
-2.906738221645355225e-01
1.594770789146423340e+00
1.540276288986206055e+00
-2.464304715394973755e-01
-1.556451678276062012e+00
-9.784683585166931152e-01
-1.917726546525955200e-01
4.313504397869110107e-01
4.801538288593292236e-01
-7.497508525848388672e-01
9.713038057088851929e-02
-4.459954500198364258e-01
-1.184460043907165527e+00
-1.670790791511535645e+00
-6.475005745887756348e-01
-1.247497916221618652e+00
-5.130342841148376465e-01
9.838436245918273926e-01
-1.556933403015136719e+00
-9.854957461357116699e-01
-9.201009273529052734e-01
1.060120165348052979e-01
3.040500879287719727e-01
-9.275249391794204712e-02
8.278362751007080078e-01
1.196800231933593750e+00
-1.509216904640197754e+00
-5.344682931900024414e-01
3.988800644874572754e-01
6.112387180328369141e-01
-6.026640534400939941e-01
1.761769801378250122e-01
-1.343074321746826172e+00
7.101685404777526855e-01
5.625510811805725098e-01
3.268903791904449463e-01
1.775342971086502075e-01
3.187209367752075195e-01
4.045252501964569092e-01
4.343118369579315186e-01
-3.898553252220153809e-01
6.643917560577392578e-01
-1.431966304779052734e+00
5.802645087242126465e-01
1.435190200805664062e+00
-1.249231457710266113e+00
-1.545025259256362915e-01
-5.916472673416137695e-01
1.568454205989837646e-01
1.363706946372985840e+00
3.991253674030303955e-01
-1.385469079017639160e+00
-7.695631384849548340e-01
-1.035761237144470215e-01
7.511313557624816895e-01
-3.690927922725677490e-01
1.392632722854614258e+00
1.189881801605224609e+00
-9.619892239570617676e-01
1.348638236522674561e-01
-3.260312974452972412e-01
1.394379019737243652e+00
1.491014838218688965e+00
-7.150373458862304688e-01
-5.587958097457885742e-01
1.351309299468994141e+00
1.128691911697387695e+00
1.062678813934326172e+00
6.322727799415588379e-01
1.047730207443237305e+00
-5.802059769630432129e-01
-6.724886298179626465e-01
-1.600162625312805176e+00
1.020973443984985352e+00
-6.396203488111495972e-02
1.452963113784790039e+00
2.674030661582946777e-01
-1.388445138931274414e+00
-8.910630941390991211e-01
1.507846355438232422e+00
-1.000139355659484863e+00
-6.259499788284301758e-01
3.038525879383087158e-01
-1.571375489234924316e+00
4.794135987758636475e-01
-1.398831844329833984e+00
1.202086925506591797e+00
1.304163813591003418e+00
-1.351192831993103027e+00
-1.514724373817443848e+00
3.569846749305725098e-01
-8.348509073257446289e-01
-1.467553228139877319e-01
3.008557260036468506e-01
1.328134655952453613e+00
5.937163233757019043e-01
1.069495916366577148e+00
1.311572551727294922e+00
3.143177926540374756e-01
-1.137835264205932617e+00
-3.843210935592651367e-01
-1.520119667053222656e+00
-1.253335475921630859e+00
1.227248311042785645e+00
1.278971791267395020e+00
4.831665158271789551e-01
6.051365137100219727e-01
-1.359301328659057617e+00
3.685151934623718262e-01
-1.049106240272521973e+00
5.044255256652832031e-01
-1.242703557014465332e+00
-4.816728532314300537e-01
-6.148721575736999512e-01
-1.174088239669799805e+00
2.010375261306762695e-01
-1.429974198341369629e+00
-1.140626549720764160e+00
-8.089452385902404785e-01
1.337931752204895020e+00
-5.202070474624633789e-01
-1.022383570671081543e+00
1.315331816673278809e+00
1.441081762313842773e+00
1.282978057861328125e+00
1.618793845176696777e+00
1.253637433052062988e+00
-1.626919060945510864e-01
-1.498079299926757812e+00
-4.397349953651428223e-01
3.764759302139282227e-01
7.004238963127136230e-01
1.251325845718383789e+00
-5.426669120788574219e-01
1.280831694602966309e+00
-6.944130063056945801e-01
8.460759520530700684e-01
-2.550381720066070557e-01
1.041998118162155151e-01
-1.123870134353637695e+00
-8.647221922874450684e-01
-3.970067501068115234e-01
-4.454327523708343506e-01
-6.866386532783508301e-01
9.055775403976440430e-01
9.971604943275451660e-01
1.354092359542846680e+00
-2.086688280105590820e-01
7.575362324714660645e-01
9.366527199745178223e-01
6.497939229011535645e-01
8.755326867103576660e-01
-8.155395984649658203e-01
1.360217094421386719e+00
-1.203493356704711914e+00
2.732030153274536133e-01
-1.370536088943481445e+00
7.850883007049560547e-01
-6.334239244461059570e-01
1.095520377159118652e+00
1.302722334861755371e+00
6.615998744964599609e-01
3.733380734920501709e-01
4.031926989555358887e-01
9.289220571517944336e-01
-1.878024637699127197e-01
4.720565080642700195e-01
3.149578273296356201e-01
-7.029811143875122070e-01
-6.620650887489318848e-01
1.129592061042785645e+00
-1.010181665420532227e+00
-1.573478877544403076e-01
9.872086048126220703e-01
-7.191488742828369141e-01
4.376539289951324463e-01
2.954137623310089111e-01
1.349326133728027344e+00
-8.369963765144348145e-01
-1.232298374176025391e+00
-4.612685739994049072e-01
1.076540827751159668e+00
-1.345502972602844238e+00
7.165336012840270996e-01
2.898825705051422119e-01
1.512525081634521484e+00
3.527085781097412109e-01
4.284024238586425781e-01
2.188158631324768066e-01
1.549475789070129395e-01
4.992283135652542114e-02
4.995793402194976807e-01
7.828201651573181152e-01
7.896491289138793945e-01
-5.116561055183410645e-01
1.350450992584228516e+00
7.138187289237976074e-01
-3.616138398647308350e-01
1.655444741249084473e+00
1.352875113487243652e+00
-5.798362493515014648e-01
6.109551191329956055e-01
-1.346852421760559082e+00
5.253549814224243164e-01
-1.152502775192260742e+00
-9.608964323997497559e-01
3.043971359729766846e-01
-4.560936093330383301e-01
-7.355650067329406738e-01
-2.108457833528518677e-01
7.050939202308654785e-01
-9.895558357238769531e-01
-5.909082889556884766e-01
1.492928504943847656e+00
-6.727637052536010742e-01
-5.868259072303771973e-01
1.353212632238864899e-02
-9.184578806161880493e-02
3.588315546512603760e-01
1.084687948226928711e+00
-1.498640656471252441e+00
2.274136543273925781e-01
-1.367155790328979492e+00
-5.869129896163940430e-01
1.585140705108642578e+00
3.724624812602996826e-01
-6.944971680641174316e-01
1.312431931495666504e+00
2.413588203489780426e-02
1.456571340560913086e+00
-3.848560750484466553e-01
1.135937213897705078e+00
-4.258156716823577881e-01
-4.991075396537780762e-02
3.037711977958679199e-01
-1.251587152481079102e+00
3.695770800113677979e-01
1.514180183410644531e+00
-4.290103316307067871e-01
-4.423106610774993896e-01
-3.633934557437896729e-01
1.421094059944152832e+00
-4.059781730175018311e-01
-5.657047629356384277e-01
2.767270505428314209e-01
5.297003388404846191e-01
-5.184155106544494629e-01
-6.959155201911926270e-01
-1.492475986480712891e+00
-7.027838230133056641e-01
-4.860313832759857178e-01
1.013098597526550293e+00
7.503446936607360840e-01
1.154200911521911621e+00
-2.273809015750885010e-01
-1.326102852821350098e+00
6.673990488052368164e-01
-4.924488961696624756e-01
1.264361858367919922e+00
1.174492597579956055e+00
-2.701840400695800781e-01
-3.530487716197967529e-01
-6.866282224655151367e-01
2.812559306621551514e-01
-6.342623233795166016e-01
5.415793657302856445e-01
5.985680222511291504e-01
-8.751798272132873535e-01
2.190780192613601685e-01
-7.777281403541564941e-01
-1.609191775321960449e+00
1.287341594696044922e+00
-1.361486434936523438e+00
-5.879712104797363281e-01
4.883842468261718750e-01
1.543000936508178711e+00
-1.270855069160461426e+00
1.460439205169677734e+00
8.013502508401870728e-02
-3.201594352722167969e-01
1.012390732765197754e+00
6.400170326232910156e-01
5.567691922187805176e-01
-5.943126678466796875e-01
-1.111794471740722656e+00
1.142517626285552979e-01
4.814937710762023926e-02
-7.688162326812744141e-01
-1.168271422386169434e+00
-1.295422673225402832e+00
1.185690522193908691e+00
-3.113827109336853027e-01
-1.235300183296203613e+00
-7.581610083580017090e-01
-5.447591543197631836e-01
1.120777249336242676e+00
-6.561229228973388672e-01
9.132985472679138184e-01
1.519589185714721680e+00
1.806986331939697266e-01
-1.365388393402099609e+00
-7.614233493804931641e-01
1.355756998062133789e+00
1.482913255691528320e+00
9.931623339653015137e-01
-6.224350333213806152e-01
7.180919498205184937e-02
-2.444287985563278198e-01
1.253768920898437500e+00
1.323044896125793457e+00
1.208089232444763184e+00
5.587006807327270508e-01
-1.285368919372558594e+00
-1.132472872734069824e+00
2.842903733253479004e-01
6.092871427536010742e-01
-4.757879674434661865e-01
5.995944738388061523e-01
-1.434450149536132812e+00
5.404565334320068359e-01
-3.121489882469177246e-01
-4.409097135066986084e-01
1.425488114356994629e+00
-3.443323373794555664e-01
6.516828536987304688e-01
5.270608067512512207e-01
-5.167602896690368652e-01
-4.986604154109954834e-01
-3.425231873989105225e-01
-4.629828929901123047e-01
-9.764224290847778320e-02
-4.877406060695648193e-01
1.363159537315368652e+00
1.602936029434204102e+00
-1.413753032684326172e+00
-5.587275028228759766e-01
5.131258964538574219e-01
-1.083284139633178711e+00
1.336176514625549316e+00
3.695609271526336670e-01
1.208438396453857422e+00
1.464354753494262695e+00
-1.674848556518554688e+00
-6.087268143892288208e-02
-3.230844736099243164e-01
-1.359273314476013184e+00
3.371026217937469482e-01
6.377099752426147461e-01
-5.237203240394592285e-01
-1.088233292102813721e-01
-1.318878769874572754e+00
1.425636887550354004e+00
1.158179759979248047e+00
1.356901049613952637e+00
4.912976324558258057e-01
-1.204233050346374512e+00
-7.030705809593200684e-01
2.085434198379516602e-01
-5.614925026893615723e-01
2.399703487753868103e-02
4.552397429943084717e-01
3.208129201084375381e-03
8.231457471847534180e-01
5.451962947845458984e-01
6.612872481346130371e-01
5.272787213325500488e-01
7.059445381164550781e-01
-4.007812738418579102e-01
1.612809300422668457e-02
-5.876467823982238770e-01
-2.162725180387496948e-01
1.311285853385925293e+00
2.667904496192932129e-01
-1.222120404243469238e+00
5.672392249107360840e-01
-3.108155131340026855e-01
-8.723919391632080078e-01
1.072283983230590820e+00
1.429926991462707520e+00
4.709455370903015137e-01
-1.371549606323242188e+00
8.444586992263793945e-01
-6.182984113693237305e-01
-9.211083650588989258e-01
-1.010328292846679688e+00
-8.202922344207763672e-01
-3.765888214111328125e-01
-7.474706172943115234e-01
1.505705833435058594e+00
3.926475942134857178e-01
3.298367559909820557e-01
-1.679489850997924805e+00
3.167934417724609375e-01
-7.706711292266845703e-01
2.892681956291198730e-01
-5.199654102325439453e-01
5.946817994117736816e-01
1.447285652160644531e+00
9.466584324836730957e-01
6.922621726989746094e-01
5.242496728897094727e-01
-5.675788521766662598e-01
-4.145391583442687988e-01
2.771510928869247437e-02
-1.533281326293945312e+00
-1.062502026557922363e+00
-8.426996469497680664e-01
-4.406192898750305176e-01
-1.293200016021728516e+00
4.079956710338592529e-01
7.497755885124206543e-01
-4.023309946060180664e-01
-7.003797292709350586e-01
9.070574045181274414e-01
6.377574801445007324e-01
7.068096399307250977e-01
1.195572257041931152e+00
-3.310315310955047607e-01
1.628644227981567383e+00
-5.297330617904663086e-01
-6.542904973030090332e-01
1.290216565132141113e+00
-6.985335350036621094e-01
1.396749496459960938e+00
-6.183026432991027832e-01
-3.583239614963531494e-01
5.063807964324951172e-01
-7.064950466156005859e-01
5.908975005149841309e-01
1.059172987937927246e+00
-7.234091311693191528e-02
-8.115518689155578613e-01
1.374120712280273438e+00
6.223208904266357422e-01
-5.197078585624694824e-01
9.039372801780700684e-01
9.928137063980102539e-01
-9.727548956871032715e-01
-2.718027532100677490e-01
2.806349992752075195e-01
-1.382510423660278320e+00
4.081124961376190186e-01
-5.532652884721755981e-02
-9.932189583778381348e-01
1.004813551902770996e+00
1.352993130683898926e+00
5.652710795402526855e-02
-5.183128118515014648e-01
2.415758222341537476e-01
-4.226790964603424072e-01
-3.103483319282531738e-01
3.307838439941406250e-01
-3.163381665945053101e-02
5.425593256950378418e-01
-6.031710505485534668e-01
1.514342188835144043e+00
1.138557076454162598e+00
1.238449811935424805e+00
6.711368560791015625e-01
-5.417851209640502930e-01
1.360894203186035156e+00
-1.398418903350830078e+00
-3.385165333747863770e-01
-5.839381217956542969e-01
6.956388950347900391e-01
1.088246464729309082e+00
1.087920308113098145e+00
5.758095383644104004e-01
-2.150530926883220673e-02
6.557831168174743652e-01
-6.369048953056335449e-01
-6.376349329948425293e-01
-1.408864378929138184e+00
3.016315698623657227e-01
-1.020543575286865234e+00
-1.548982381820678711e+00
-1.157758712768554688e+00
5.010758042335510254e-01
-1.371167786419391632e-02
-7.402153685688972473e-03
-7.197354435920715332e-01
3.155889213085174561e-01
8.733479678630828857e-02
2.271170914173126221e-01
7.811467647552490234e-01
4.408075511455535889e-01
4.961438477039337158e-01
-9.932425618171691895e-01
-4.120225608348846436e-01
3.567614853382110596e-01
1.350623726844787598e+00
-5.816030502319335938e-01
7.976765632629394531e-01
-3.874592185020446777e-01
-1.175579905509948730e+00
-9.360377490520477295e-02
2.682532072067260742e-01
3.093280494213104248e-01
-2.473017722368240356e-01
1.142151474952697754e+00
-5.126289725303649902e-01
-3.873577117919921875e-01
-4.076897501945495605e-01
8.429396748542785645e-01
1.508683443069458008e+00
1.210853815078735352e+00
4.405371546745300293e-01
-5.917321443557739258e-01
3.355922698974609375e-01
1.482523798942565918e+00
4.151475727558135986e-01
-8.597131371498107910e-01
-1.530662775039672852e+00
1.594867706298828125e-01
-5.229545235633850098e-01
-6.967768818140029907e-02
1.207624435424804688e+00
-1.188167810440063477e+00
1.192952767014503479e-01
9.580737352371215820e-01
-7.326341867446899414e-01
5.534301996231079102e-01
-1.562266707420349121e+00
-1.289791226387023926e+00
8.110179901123046875e-01
1.026446461677551270e+00
-2.749276757240295410e-01
1.539183735847473145e+00
1.357228875160217285e+00
1.546396970748901367e+00
-3.414721488952636719e-01
-1.135136723518371582e+00
-7.785446047782897949e-01
1.107226610183715820e+00
1.250988841056823730e+00
-9.001784324645996094e-01
1.576328754425048828e+00
-6.162148714065551758e-01
3.850003480911254883e-01
1.396861433982849121e+00
-6.745865941047668457e-01
6.211422681808471680e-01
5.796336531639099121e-01
-1.155700325965881348e+00
1.254075527191162109e+00
6.304419636726379395e-01
4.883984625339508057e-01
-7.164861559867858887e-01
1.166837334632873535e+00
2.416241914033889771e-01
-1.019080877304077148e+00
-1.499614834785461426e+00
3.594656288623809814e-01
-1.038370966911315918e+00
-1.047381162643432617e+00
-6.490077376365661621e-01
2.319288551807403564e-01
1.263784050941467285e+00
-1.210094571113586426e+00
-7.318663001060485840e-01
-1.081782460212707520e+00
-8.415119647979736328e-01
-4.049365520477294922e-01
5.548782944679260254e-01
5.507814884185791016e-01
8.172807097434997559e-01
6.906333565711975098e-01
1.015229463577270508e+00
-6.218322515487670898e-01
-6.712395548820495605e-01
-4.035772085189819336e-01
2.389437407255172729e-01
-4.637796282768249512e-01
5.665916800498962402e-01
-3.656095266342163086e-01
-7.852081656455993652e-01
-1.491490960121154785e+00
-1.288107991218566895e+00
5.665088295936584473e-01
1.356548547744750977e+00
1.110430002212524414e+00
-8.922283053398132324e-01
4.644653499126434326e-01
-9.303843975067138672e-01
8.060693144798278809e-01
-4.611023664474487305e-01
-7.427739500999450684e-01
-3.948450684547424316e-01
-1.135543704032897949e+00
4.225751161575317383e-01
4.941789209842681885e-01
-1.514180660247802734e+00
-1.174625277519226074e+00
7.459056377410888672e-01
-1.892063766717910767e-02
-2.527461647987365723e-01
1.495096802711486816e+00
-1.241065025329589844e+00
2.744046747684478760e-01
-1.334513068199157715e+00
1.363157153129577637e+00
-1.150778681039810181e-01
1.430011630058288574e+00
-4.351436197757720947e-01
3.620528280735015869e-01
5.736037492752075195e-01
8.228971362113952637e-01
-9.008682370185852051e-01
-7.141506075859069824e-01
-3.898833096027374268e-01
1.291702032089233398e+00
-9.929450154304504395e-01
-1.425640463829040527e+00
-9.248539209365844727e-01
-6.343828439712524414e-01
-8.270266652107238770e-01
-7.038474082946777344e-02
1.301090836524963379e+00
6.087404489517211914e-01
-1.431103944778442383e+00
4.377292990684509277e-01
-5.274144411087036133e-01
1.530179023742675781e+00
1.436484694480895996e+00
-4.521831572055816650e-01
1.178626656532287598e+00
-3.912329077720642090e-01
-9.442792534828186035e-01
5.654604434967041016e-01
-1.527983665466308594e+00
1.533347129821777344e+00
-6.429179906845092773e-01
6.253836154937744141e-01
-5.597319006919860840e-01
-6.229135394096374512e-01
4.169404208660125732e-01
-1.908457837998867035e-02
5.440223217010498047e-01
-7.711486816406250000e-01
-2.136627435684204102e-01
1.903644800186157227e-01
1.177906274795532227e+00
1.043412327766418457e+00
-9.646387100219726562e-01
-9.613850116729736328e-01
1.597088694572448730e+00
-8.511115312576293945e-01
-1.134554818272590637e-01
4.154275953769683838e-01
3.867842555046081543e-01
-3.698137402534484863e-01
-6.206492185592651367e-01
-1.041626214981079102e+00
5.701904296875000000e-01
-1.909833103418350220e-01
1.396102666854858398e+00
-2.573639452457427979e-01
-9.262455701828002930e-01
-1.002580285072326660e+00
-1.435190320014953613e+00
7.076678276062011719e-01
-1.158238768577575684e+00
4.043512344360351562e-01
1.630371212959289551e+00
-6.947584748268127441e-01
9.058492183685302734e-01
-2.347915321588516235e-01
1.489394903182983398e+00
1.443431258201599121e+00
-6.354993581771850586e-01
1.013060212135314941e-01
3.537385761737823486e-01
1.180191516876220703e+00
1.028736829757690430e+00
1.004601120948791504e+00
9.940144419670104980e-01
1.037881016731262207e+00
1.024841547012329102e+00
9.698022603988647461e-01
9.836322069168090820e-01
1.080489397048950195e+00
9.848850369453430176e-01
9.631175398826599121e-01
9.297443032264709473e-01
9.382162690162658691e-01
9.917535781860351562e-01
9.913898110389709473e-01
9.691337943077087402e-01
1.012340307235717773e+00
9.570857286453247070e-01
9.588956236839294434e-01
9.261897206306457520e-01
1.024640321731567383e+00
8.897566795349121094e-01
9.537273049354553223e-01
9.144768118858337402e-01
9.464842081069946289e-01
9.478999972343444824e-01
9.012386798858642578e-01
1.012644290924072266e+00
9.539095163345336914e-01
9.602000713348388672e-01
9.883984923362731934e-01
9.825149178504943848e-01
9.309322237968444824e-01
9.790859818458557129e-01
9.915584325790405273e-01
9.946710467338562012e-01
1.054360032081604004e+00
9.446828365325927734e-01
8.988068103790283203e-01
9.681749343872070312e-01
9.358432888984680176e-01
9.277374148368835449e-01
9.267372488975524902e-01
9.417056441307067871e-01
9.582290649414062500e-01
9.459978342056274414e-01
9.079304337501525879e-01
1.034095048904418945e+00
8.786447048187255859e-01
